vesselCount = 5
UT = 2422379.8024421199
gameMode = CAREER
gameNull = False
gameCompatible = True
funds = 1760263.2819341586
science = 60
reputationPercent = 36
ongoingContracts = 4
missionCurrentScore = 0
missionIsStarted = False
missionIsEnded = False
missionHistoryId = 00000000-0000-0000-0000-000000000000
saveMD5 = 9225d2d821c98c8234784c6a553034a1
