vesselCount = 5
UT = 31407702.268207632
gameMode = CAREER
gameNull = False
gameCompatible = True
funds = 1852983.2819341586
science = 76
reputationPercent = 37
ongoingContracts = 4
missionCurrentScore = 0
missionIsStarted = False
missionIsEnded = False
missionHistoryId = 00000000-0000-0000-0000-000000000000
saveMD5 = 4402b83bc0d692c1132989db6c84ea84
