vesselCount = 5
UT = 31407703.568207603
gameMode = CAREER
gameNull = False
gameCompatible = True
funds = 1852983.2819341586
science = 76
reputationPercent = 37
ongoingContracts = 4
missionCurrentScore = 0
missionIsStarted = False
missionIsEnded = False
missionHistoryId = 00000000-0000-0000-0000-000000000000
saveMD5 = 2a1c7136eee541cb0cdbdd162aefe324
