vesselCount = 4
UT = 2233232.0358973634
gameMode = CAREER
gameNull = False
gameCompatible = True
funds = 1461039.6371373041
science = 79
reputationPercent = 33
ongoingContracts = 4
missionCurrentScore = 0
missionIsStarted = False
missionIsEnded = False
missionHistoryId = 00000000-0000-0000-0000-000000000000
saveMD5 = 82400002a6337a0ba4614049d3a4bf87
