vesselCount = 4
UT = 2422329.3624420729
gameMode = CAREER
gameNull = False
gameCompatible = True
funds = 1843728.8600591586
science = 60
reputationPercent = 36
ongoingContracts = 4
missionCurrentScore = 0
missionIsStarted = False
missionIsEnded = False
missionHistoryId = 00000000-0000-0000-0000-000000000000
saveMD5 = 2899b73c3267eea3470d0af75c703914
