vesselCount = 6
UT = 2228288.0076723695
gameMode = CAREER
gameNull = False
gameCompatible = True
funds = 1499746.4398855073
science = 79
reputationPercent = 33
ongoingContracts = 3
missionCurrentScore = 0
missionIsStarted = False
missionIsEnded = False
missionHistoryId = 00000000-0000-0000-0000-000000000000
saveMD5 = 158bbb811ea0a160a45e548287afb819
